预测结果
20.570405049554243
19.476854062604062
21.997858474858468
23.171465177310278
20.35345688161168
18.431616226930494
26.62232846215756
19.3265958046886
19.3265958046886
21.997858474858468
21.56350171817883
18.431616226930494
20.570405049554243
19.3265958046886
23.171465177310278
23.187847991791497
29.59399132183531
25.069393187017926
20.864329365079367
19.3265958046886
20.35345688161168
24.559990896673757
21.997858474858468
18.431616226930494
23.171465177310278
21.997858474858468
20.538062510305437
17.04565068265068
20.35345688161168
20.570405049554243
21.997858474858468
19.871787479189003
20.570405049554243
21.56350171817883
29.59399132183531
19.871787479189003
17.04565068265068
25.069393187017926
28.210613211951443
21.933973772473774
24.559990896673757
17.831122357174994
23.171465177310278
24.559990896673757
24.559990896673757
23.171465177310278
24.559990896673757
19.3265958046886
19.3265958046886
21.997858474858468
18.431616226930494
19.586965144805315
19.476854062604062
25.069393187017926
19.3265958046886
21.56350171817883
25.069393187017926
19.871787479189003
23.187847991791497
19.871787479189003
19.3265958046886
26.62232846215756
17.04565068265068
19.3265958046886
19.586965144805315
19.3265958046886
19.3265958046886
20.538062510305437
23.171465177310278
18.431616226930494
19.3265958046886
20.570405049554243
25.069393187017926
24.559990896673757
20.570405049554243
25.069393187017926
19.871787479189003
23.707619047619048
23.171465177310278
21.933973772473774
24.559990896673757
28.044961038961038
20.35345688161168
19.871787479189003
21.997858474858468
20.570405049554243
20.35345688161168
19.871787479189003
19.586965144805315
24.559990896673757
20.538062510305437
20.864329365079367
17.04565068265068
29.847943722943725
24.559990896673757
21.56350171817883
19.3265958046886
24.559990896673757
18.431616226930494
23.171465177310278
20.570405049554243
19.613575396825397
19.3265958046886
20.570405049554243
19.3265958046886
21.56350171817883
24.559990896673757
28.044961038961038
19.871787479189003
