预测结果
20.660337
19.000357
22.33089
23.278198
20.634924
18.577303
26.833265
19.174963
19.174963
22.33089
21.57576
18.577303
20.660337
19.174963
23.278198
23.334372
29.499731
24.96701
20.748833
19.174963
20.634924
24.485708
22.33089
18.577303
23.278198
22.33089
20.4925
17.008463
20.634924
20.660337
22.33089
19.828804
20.660337
21.57576
29.499731
19.828804
17.008463
24.96701
29.499199
22.400541
24.485708
17.667528
23.278198
24.485708
24.485708
23.278198
24.485708
19.174963
19.174963
22.33089
18.577303
19.76972
19.000357
24.96701
19.174963
21.57576
24.96701
19.828804
23.334372
19.828804
19.174963
26.833265
17.008463
19.174963
19.76972
19.174963
19.174963
20.4925
23.278198
18.577303
19.174963
20.660337
24.96701
24.485708
20.660337
24.96701
19.828804
23.500198
23.278198
22.400541
24.485708
29.999027
20.634924
19.828804
22.33089
20.660337
20.634924
19.828804
19.76972
24.485708
20.4925
20.748833
17.008463
28.914986
24.485708
21.57576
19.174963
24.485708
18.577303
23.278198
20.660337
19.577164
19.174963
20.660337
19.174963
21.57576
24.485708
29.999027
19.828804
