预测结果
25.841561532421835
26.03674454125672
34.50601837174681
24.895531868989213
28.425987074049107
30.561382369465484
8.586942617298455
30.721856199164662
20.556785743266126
28.64682345554634
12.6121490205621
25.264346501512993
16.773696216235944
29.680193790692645
21.822996831658735
29.248340354750965
20.395026255494372
33.38385417298575
26.67772934422434
29.95149497991337
18.938203090547198
34.50905162659705
35.48745147625489
14.894058228551245
28.45593435273225
25.63054630534323
21.025780328302893
16.17903857608019
28.69605142459309
24.09256378359306
13.390258381668279
23.44947094009198
20.7994476223967
31.893022309828044
12.280400989807342
36.22266954978727
10.863664704240282
24.365420675205534
11.440898575871842
7.136725882457625
12.857318103766788
27.5611805493242
34.72959155881548
26.385894259109303
11.989754206695032
9.797805399323936
17.608525202139308
31.37733686515982
24.35162554018018
30.20405731581059
11.901512574600577
26.51654158963125
23.12231153920845
35.13560229812444
28.26003717424049
17.783886379326617
20.27391900103742
22.7056067487159
22.71178335843448
25.998955258020345
8.484827561876767
22.69686892528605
25.76229967420445
23.347947041511038
29.95814981087041
28.72694968120716
25.734737031099087
29.428724739344254
21.738435309755697
10.072361841038408
22.754174011158202
13.265923315462054
26.78365807511333
27.95681744394623
24.16456203741591
24.063693265055928
14.015524997778256
14.858752523297259
25.75943981260277
