预测结果
26.316999999999997
22.288
34.200999999999986
30.165
26.447000000000006
28.195999999999998
12.92
28.483000000000008
19.595999999999993
30.842999999999996
14.11
20.179000000000002
15.725999999999999
27.298000000000002
19.032999999999998
29.372000000000003
19.952
33.06000000000001
28.459000000000014
31.273000000000014
20.795
39.30300000000002
33.293
16.264
30.982
24.426000000000002
19.951
18.548
27.625
23.647
14.71
19.985
20.221
30.927000000000017
13.66
34.25499999999999
13.365
27.61
14.595
11.77
14.975999999999999
28.923000000000002
34.262
26.433000000000003
14.6
11.66
17.914
35.624
23.32
31.104
14.135
23.358
23.38
34.701
27.992000000000004
16.315
18.781
19.264
24.16
24.091000000000005
11.75
19.532
25.348000000000003
21.86
26.291000000000007
26.462000000000003
24.89100000000001
31.17
19.240999999999996
13.68
23.66
13.185
22.372000000000003
26.99
24.084000000000007
26.615
13.75
16.73
26.932
